recv from player 7777: call 

flop/ 
CLUBS 5 
SPADES A 
CLUBS 4 
/flop 

---flop round bet---
valid player: 2, all in player: 0, fold player: 0

send inquire msg to player 7777 
inquire/ 
4444 96 0 50 call 
7777 73616 6000 50 check 
total pot: 100 
/inquire 
recv from player 7777: call 


send inquire msg to player 4444 
inquire/ 
7777 73616 6000 50 check 
4444 96 0 50 call 
total pot: 100 
/inquire 
recv from player 4444: fold 


---turn round bet---
valid player: 2, all in player: 0, fold player: 1

---river round bet---
valid player: 2, all in player: 0, fold player: 1

----- notify msg last round -----

send notify msg to player 7777 
notify/ 
4444 96 0 50 fold 
7777 73616 6000 50 check 
total pot: 100 
/notify 

send notify msg to player 4444 
notify/ 
7777 73616 6000 50 check 
4444 96 0 50 fold 
total pot: 100 
/notify 

--- 1 players not fold, don't need show down---

---Allocate pot---
Only player at seat 0 not fold, win all the pot 100
pot-win/ 
7777: 100 
/pot-win 
it is player 7777's turn to be button
game-over
=========================================================


send inquire msg to player 6666 
inquire/ 
1111 746 20 50 check 
6666 74953 4000 50 call 
total pot: 100 
/inquire 
recv from player 6666: all_in 


send inquire msg to player 1111 
inquire/ 
6666 0 4000 75003 all_in 
1111 746 20 50 check 
total pot: 75053 
/inquire 
recv from player 1111: call 

turn/ 
DIAMONDS 6 
/turn 

---turn round bet---
valid player: 2, all in player: 2, fold player: 0
river/ 
SPADES 2 
/river 

---river round bet---
valid player: 2, all in player: 2, fold player: 0

----- notify msg last round -----

send notify msg to player 6666 
notify/ 
1111 0 20 796 all_in 
6666 0 4000 75003 all_in 
total pot: 75799 
/notify 

---show down---
showdown/ 
common/ 
HEARTS 8 
CLUBS 2 
DIAMONDS 2 
DIAMONDS 6 
SPADES 2 
/common 
2: 1111 DIAMONDS 3 DIAMONDS K THREE_OF_A_KIND 
1: 6666 DIAMONDS 5 CLUBS 8 FULL_HOUSE 
/showdown 

---Allocate pot---
pot-win/ 
6666: 75799 
/pot-win 
only 1 player rest, others all quit
game-over
=========================================================
river/ 
CLUBS 2 
/river 

---river round bet---
valid player: 2, all in player: 0, fold player: 0

send inquire msg to player 4444 
inquire/ 
8888 268 0 532 check 
4444 74393 4002 532 check 
total pot: 1064 
/inquire 
recv from player 4444: raise 482 


send inquire msg to player 8888 
inquire/ 
4444 73911 4002 1014 raise 
8888 268 0 532 check 
total pot: 1546 
/inquire 
recv from player 8888: call 


----- notify msg last round -----

send notify msg to player 4444 
notify/ 
8888 0 0 800 all_in 
4444 73911 4002 1014 raise 
total pot: 1814 
/notify 

send notify msg to player 8888 
notify/ 
4444 73911 4002 1014 raise 
8888 0 0 800 all_in 
total pot: 1814 
/notify 

---show down---
showdown/ 
common/ 
HEARTS A 
HEARTS J 
CLUBS K 
DIAMONDS A 
CLUBS 2 
/common 
1: 4444 SPADES A HEARTS 2 FULL_HOUSE 
2: 8888 CLUBS 5 HEARTS 4 ONE_PAIR 
/showdown 

---Allocate pot---
pot-win/ 
4444: 1814 
/pot-win 
it is player 4444's turn to be button
game-over
=========================================================
---river round bet---
valid player: 3, all in player: 0, fold player: 1

send inquire msg to player 8888 
inquire/ 
2222 41405 6000 100 fold 
7777 1200 0 100 check 
8888 28846 2023 100 check 
total pot: 300 
/inquire 
recv from player 8888: call 


send inquire msg to player 7777 
inquire/ 
8888 28846 2023 100 check 
2222 41405 6000 100 fold 
7777 1200 0 100 check 
total pot: 300 
/inquire 
recv from player 7777: call 


----- notify msg last round -----

send notify msg to player 8888 
notify/ 
2222 41405 6000 100 fold 
7777 1200 0 100 check 
8888 28846 2023 100 check 
total pot: 300 
/notify 

send notify msg to player 7777 
notify/ 
8888 28846 2023 100 check 
2222 41405 6000 100 fold 
7777 1200 0 100 check 
total pot: 300 
/notify 

---show down---
showdown/ 
common/ 
DIAMONDS Q 
SPADES 10 
HEARTS A 
SPADES 6 
SPADES 2 
/common 
1: 8888 CLUBS 9 CLUBS 10 ONE_PAIR 
2: 7777 DIAMONDS 8 DIAMONDS 10 ONE_PAIR 
/showdown 

---Allocate pot---
pot-win/ 
8888: 300 
/pot-win 
it is player 2222's turn to be button
game-over
=========================================================


send inquire msg to player 6666 
inquire/ 
1111 29483 0 50 check 
6666 46254 4000 50 call 
total pot: 100 
/inquire 
recv from player 6666: all_in 


send inquire msg to player 1111 
inquire/ 
6666 0 4000 46304 all_in 
1111 29483 0 50 check 
total pot: 46354 
/inquire 
recv from player 1111: call 

turn/ 
DIAMONDS 2 
/turn 

---turn round bet---
valid player: 2, all in player: 2, fold player: 0
river/ 
SPADES Q 
/river 

---river round bet---
valid player: 2, all in player: 2, fold player: 0

----- notify msg last round -----

send notify msg to player 6666 
notify/ 
1111 0 0 29533 all_in 
6666 0 4000 46304 all_in 
total pot: 75837 
/notify 

---show down---
showdown/ 
common/ 
CLUBS 5 
HEARTS 9 
CLUBS 7 
DIAMONDS 2 
SPADES Q 
/common 
2: 1111 SPADES 5 SPADES 10 ONE_PAIR 
1: 6666 HEARTS 6 SPADES 8 STRAIGHT 
/showdown 

---Allocate pot---
pot-win/ 
6666: 75837 
/pot-win 
only 1 player rest, others all quit
game-over
=========================================================
/inquire 
recv from player 5555: raise 480 


send inquire msg to player 4444 
inquire/ 
5555 76865 44 1511 raise 
4444 396 0 1024 raise 
total pot: 2535 
/inquire 
recv from player 4444: check 

turn/ 
SPADES 2 
/turn 

---turn round bet---
valid player: 2, all in player: 1, fold player: 0
river/ 
HEARTS Q 
/river 

---river round bet---
valid player: 2, all in player: 1, fold player: 0

----- notify msg last round -----

send notify msg to player 5555 
notify/ 
4444 0 0 1420 all_in 
5555 76865 44 1511 raise 
total pot: 2931 
/notify 

send notify msg to player 4444 
notify/ 
5555 76865 44 1511 raise 
4444 0 0 1420 all_in 
total pot: 2931 
/notify 

---show down---
showdown/ 
common/ 
DIAMONDS Q 
SPADES A 
CLUBS A 
SPADES 2 
HEARTS Q 
/common 
1: 5555 HEARTS 10 CLUBS 2 TWO_PAIR 
2: 4444 HEARTS 6 CLUBS 5 TWO_PAIR 
/showdown 

---Allocate pot---
pot-win/ 
5555: 2931 
/pot-win 
it is player 5555's turn to be button
game-over
=========================================================
inquire/ 
5555 78406 9 537 raise 
2222 309 0 537 call 
total pot: 1074 
/inquire 
recv from player 2222: call 


send inquire msg to player 5555 
inquire/ 
2222 309 0 537 check 
5555 78406 9 537 raise 
total pot: 1074 
/inquire 
recv from player 5555: raise 486 


send inquire msg to player 2222 
inquire/ 
5555 77920 9 1023 raise 
2222 309 0 537 check 
total pot: 1560 
/inquire 
recv from player 2222: call 

river/ 
HEARTS 7 
/river 

---river round bet---
valid player: 2, all in player: 1, fold player: 0

----- notify msg last round -----

send notify msg to player 5555 
notify/ 
2222 0 0 846 all_in 
5555 77920 9 1023 raise 
total pot: 1869 
/notify 

---show down---
showdown/ 
common/ 
SPADES 6 
SPADES K 
DIAMONDS K 
CLUBS 10 
HEARTS 7 
/common 
2: 2222 HEARTS 3 DIAMONDS 8 ONE_PAIR 
1: 5555 CLUBS 7 SPADES 4 TWO_PAIR 
/showdown 

---Allocate pot---
pot-win/ 
5555: 1869 
/pot-win 
only 1 player rest, others all quit
game-over
=========================================================
inquire/ 
7777 61086 6000 50 check 
2222 4738 8000 50 check 
total pot: 100 
/inquire 
recv from player 2222: call 

river/ 
DIAMONDS J 
/river 

---river round bet---
valid player: 2, all in player: 0, fold player: 0

send inquire msg to player 7777 
inquire/ 
2222 4738 8000 50 check 
7777 61086 6000 50 check 
total pot: 100 
/inquire 
recv from player 7777: call 


send inquire msg to player 2222 
inquire/ 
7777 61086 6000 50 check 
2222 4738 8000 50 check 
total pot: 100 
/inquire 
recv from player 2222: call 


----- notify msg last round -----

send notify msg to player 7777 
notify/ 
2222 4738 8000 50 check 
7777 61086 6000 50 check 
total pot: 100 
/notify 

---show down---
showdown/ 
common/ 
DIAMONDS 4 
DIAMONDS 5 
SPADES 7 
HEARTS 2 
DIAMONDS J 
/common 
2: 7777 SPADES 3 SPADES 10 HIGH_CARD 
1: 2222 SPADES 2 CLUBS 5 TWO_PAIR 
/showdown 

---Allocate pot---
pot-win/ 
2222: 100 
/pot-win 
it is player 7777's turn to be button
game-over
=========================================================


send inquire msg to player 2222 
inquire/ 
8888 20340 8000 100 check 
7777 15965 8000 100 check 
2222 19071 8000 100 check 
total pot: 300 
/inquire 
recv from player 2222: call 


send inquire msg to player 7777 
inquire/ 
2222 19071 8000 100 check 
8888 20340 8000 100 check 
7777 15965 8000 100 check 
total pot: 300 
/inquire 
recv from player 7777: call 


----- notify msg last round -----

send notify msg to player 8888 
notify/ 
7777 15965 8000 100 check 
2222 19071 8000 100 check 
8888 20340 8000 100 check 
total pot: 300 
/notify 

send notify msg to player 7777 
notify/ 
2222 19071 8000 100 check 
8888 20340 8000 100 check 
7777 15965 8000 100 check 
total pot: 300 
/notify 

---show down---
showdown/ 
common/ 
SPADES A 
SPADES 3 
CLUBS 2 
HEARTS 10 
DIAMONDS 7 
/common 
1: 8888 DIAMONDS 3 CLUBS A TWO_PAIR 
2: 2222 DIAMONDS 8 SPADES 8 ONE_PAIR 
3: 7777 HEARTS 4 HEARTS 8 HIGH_CARD 
/showdown 

---Allocate pot---
pot-win/ 
8888: 300 
/pot-win 
it is player 8888's turn to be button
game-over
=========================================================
river/ 
HEARTS 7 
/river 

---river round bet---
valid player: 2, all in player: 0, fold player: 0

send inquire msg to player 6666 
inquire/ 
8888 206 0 1016 call 
6666 75606 2000 1016 raise 
total pot: 2032 
/inquire 
recv from player 6666: raise 475 


send inquire msg to player 8888 
inquire/ 
6666 75131 2000 1491 raise 
8888 206 0 1016 call 
total pot: 2507 
/inquire 
recv from player 8888: call 


----- notify msg last round -----

send notify msg to player 6666 
notify/ 
8888 0 0 1222 all_in 
6666 75131 2000 1491 raise 
total pot: 2713 
/notify 

send notify msg to player 8888 
notify/ 
6666 75131 2000 1491 raise 
8888 0 0 1222 all_in 
total pot: 2713 
/notify 

---show down---
showdown/ 
common/ 
HEARTS 3 
SPADES 2 
SPADES 3 
SPADES 4 
HEARTS 7 
/common 
1: 6666 DIAMONDS Q CLUBS 4 TWO_PAIR 
2: 8888 HEARTS 5 HEARTS 8 ONE_PAIR 
/showdown 

---Allocate pot---
pot-win/ 
6666: 2713 
/pot-win 
it is player 6666's turn to be button
game-over
=========================================================
1111 2391 126 100 fold 
2222 9693 2000 200 check 
8888 32042 8000 200 call 
7777 18802 6065 200 call 
total pot: 700 
/inquire 
recv from player 7777: call 


send inquire msg to player 8888 
inquire/ 
7777 18802 6065 200 check 
1111 2391 126 100 fold 
2222 9693 2000 200 check 
8888 32042 8000 200 call 
total pot: 700 
/inquire 
recv from player 8888: call 


----- notify msg last round -----

send notify msg to player 7777 
notify/ 
1111 2391 126 100 fold 
2222 9693 2000 200 check 
8888 32042 8000 200 check 
7777 18802 6065 200 check 
total pot: 700 
/notify 

send notify msg to player 8888 
notify/ 
7777 18802 6065 200 check 
1111 2391 126 100 fold 
2222 9693 2000 200 check 
8888 32042 8000 200 check 
total pot: 700 
/notify 

---show down---
showdown/ 
common/ 
DIAMONDS 4 
HEARTS J 
CLUBS 8 
DIAMONDS 8 
HEARTS K 
/common 
1: 2222 SPADES 8 HEARTS Q THREE_OF_A_KIND 
2: 7777 DIAMONDS 5 HEARTS 7 ONE_PAIR 
2: 8888 DIAMONDS 6 CLUBS 7 ONE_PAIR 
/showdown 

---Allocate pot---
pot-win/ 
2222: 700 
/pot-win 
it is player 2222's turn to be button
game-over
=========================================================


send inquire msg to player 6666 
inquire/ 
2222 1950 0 50 check 
6666 69896 8000 50 call 
total pot: 100 
/inquire 
recv from player 6666: all_in 


send inquire msg to player 2222 
inquire/ 
6666 0 8000 69946 all_in 
2222 1950 0 50 check 
total pot: 69996 
/inquire 
recv from player 2222: call 

turn/ 
SPADES K 
/turn 

---turn round bet---
valid player: 2, all in player: 2, fold player: 0
river/ 
SPADES 9 
/river 

---river round bet---
valid player: 2, all in player: 2, fold player: 0

----- notify msg last round -----

send notify msg to player 6666 
notify/ 
2222 0 0 2000 all_in 
6666 0 8000 69946 all_in 
total pot: 71946 
/notify 

---show down---
showdown/ 
common/ 
CLUBS J 
HEARTS 4 
HEARTS K 
SPADES K 
SPADES 9 
/common 
2: 2222 CLUBS 4 SPADES 10 TWO_PAIR 
1: 6666 DIAMONDS J SPADES 4 TWO_PAIR 
/showdown 

---Allocate pot---
pot-win/ 
6666: 71946 
/pot-win 
only 1 player rest, others all quit
game-over
=========================================================
send inquire msg to player 1111 
inquire/ 
8888 46013 4000 100 check 
2222 3450 0 100 check 
1111 18049 8000 100 check 
total pot: 300 
/inquire 
recv from player 1111: call 


send inquire msg to player 2222 
inquire/ 
1111 18049 8000 100 check 
8888 46013 4000 100 check 
2222 3450 0 100 check 
total pot: 300 
/inquire 
recv from player 2222: call 


send inquire msg to player 8888 
inquire/ 
2222 3450 0 100 check 
1111 18049 8000 100 check 
8888 46013 4000 100 check 
total pot: 300 
/inquire 
recv from player 8888: call 


----- notify msg last round -----

send notify msg to player 8888 
notify/ 
2222 3450 0 100 check 
1111 18049 8000 100 check 
8888 46013 4000 100 check 
total pot: 300 
/notify 

---show down---
showdown/ 
common/ 
CLUBS 8 
HEARTS 10 
SPADES 8 
HEARTS 5 
DIAMONDS 5 
/common 
3: 1111 SPADES 9 DIAMONDS 3 TWO_PAIR 
1: 2222 HEARTS 7 DIAMONDS A TWO_PAIR 
2: 8888 CLUBS 2 DIAMONDS Q TWO_PAIR 
/showdown 

---Allocate pot---
pot-win/ 
2222: 300 
/pot-win 
it is player 1111's turn to be button
game-over
=========================================================

send inquire msg to player 1111 
inquire/ 
7777 36150 0 50 call 
1111 35631 8000 50 blind 
total pot: 100 
/inquire 
recv from player 1111: call 

flop/ 
DIAMONDS 10 
CLUBS 6 
HEARTS 8 
/flop 

---flop round bet---
valid player: 2, all in player: 0, fold player: 0

send inquire msg to player 1111 
inquire/ 
7777 36150 0 50 call 
1111 35631 8000 50 check 
total pot: 100 
/inquire 
recv from player 1111: fold 


send inquire msg to player 7777 
inquire/ 
1111 35631 8000 50 fold 
7777 36150 0 50 call 
total pot: 100 
/inquire 
recv from player 7777: call 


---turn round bet---
valid player: 2, all in player: 0, fold player: 1

---river round bet---
valid player: 2, all in player: 0, fold player: 1

----- notify msg last round -----

send notify msg to player 7777 
notify/ 
1111 35631 8000 50 fold 
7777 36150 0 50 check 
total pot: 100 
/notify 

--- 1 players not fold, don't need show down---

---Allocate pot---
Only player at seat 7 not fold, win all the pot 100
pot-win/ 
7777: 100 
/pot-win 
it is player 1111's turn to be button
game-over
=========================================================

send inquire msg to player 1111 
inquire/ 
7777 4800 4000 100 check 
2222 45439 8000 100 check 
1111 15130 2024 100 check 
total pot: 300 
/inquire 
recv from player 1111: call 


send inquire msg to player 2222 
inquire/ 
1111 15130 2024 100 check 
7777 4800 4000 100 check 
2222 45439 8000 100 check 
total pot: 300 
/inquire 
recv from player 2222: fold 


send inquire msg to player 7777 
inquire/ 
2222 45439 8000 100 fold 
1111 15130 2024 100 check 
7777 4800 4000 100 check 
total pot: 300 
/inquire 
recv from player 7777: call 


----- notify msg last round -----

send notify msg to player 7777 
notify/ 
2222 45439 8000 100 fold 
1111 15130 2024 100 check 
7777 4800 4000 100 check 
total pot: 300 
/notify 

---show down---
showdown/ 
common/ 
SPADES K 
HEARTS 4 
HEARTS 6 
SPADES 5 
SPADES 7 
/common 
1: 1111 CLUBS K DIAMONDS 8 STRAIGHT 
2: 7777 CLUBS J SPADES 6 ONE_PAIR 
/showdown 

---Allocate pot---
pot-win/ 
1111: 300 
/pot-win 
it is player 1111's turn to be button
game-over
=========================================================
---river round bet---
valid player: 3, all in player: 0, fold player: 1

send inquire msg to player 7777 
inquire/ 
8888 20079 2075 100 check 
1111 34633 8000 100 fold 
7777 6517 8000 100 check 
total pot: 300 
/inquire 
recv from player 7777: call 


send inquire msg to player 8888 
inquire/ 
1111 34633 8000 100 fold 
7777 6517 8000 100 check 
8888 20079 2075 100 check 
total pot: 300 
/inquire 
recv from player 8888: call 


----- notify msg last round -----

send notify msg to player 7777 
notify/ 
8888 20079 2075 100 check 
1111 34633 8000 100 fold 
7777 6517 8000 100 check 
total pot: 300 
/notify 

send notify msg to player 8888 
notify/ 
1111 34633 8000 100 fold 
7777 6517 8000 100 check 
8888 20079 2075 100 check 
total pot: 300 
/notify 

---show down---
showdown/ 
common/ 
HEARTS 10 
SPADES J 
SPADES 5 
HEARTS 8 
CLUBS 7 
/common 
2: 7777 SPADES Q DIAMONDS 8 ONE_PAIR 
1: 8888 HEARTS A HEARTS 9 STRAIGHT 
/showdown 

---Allocate pot---
pot-win/ 
8888: 300 
/pot-win 
it is player 7777's turn to be button
game-over
=========================================================
/inquire 
recv from player 3333: all_in 


send inquire msg to player 8888 
inquire/ 
3333 0 4000 72007 all_in 
8888 3638 0 50 check 
total pot: 72057 
/inquire 
recv from player 8888: call 

turn/ 
SPADES K 
/turn 

---turn round bet---
valid player: 2, all in player: 2, fold player: 0
river/ 
DIAMONDS 10 
/river 

---river round bet---
valid player: 2, all in player: 2, fold player: 0

----- notify msg last round -----

send notify msg to player 3333 
notify/ 
8888 0 0 3688 all_in 
3333 0 4000 72007 all_in 
total pot: 75695 
/notify 

send notify msg to player 8888 
notify/ 
3333 0 4000 72007 all_in 
8888 0 0 3688 all_in 
total pot: 75695 
/notify 

---show down---
showdown/ 
common/ 
CLUBS 4 
HEARTS 7 
HEARTS 8 
SPADES K 
DIAMONDS 10 
/common 
2: 8888 SPADES 8 CLUBS A ONE_PAIR 
1: 3333 HEARTS 6 DIAMONDS 5 STRAIGHT 
/showdown 

---Allocate pot---
pot-win/ 
3333: 75695 
/pot-win 
only 1 player rest, others all quit
game-over
=========================================================
recv from player 1111: fold 


send inquire msg to player 8888 
inquire/ 
1111 1828 0 100 fold 
7777 16646 4000 100 check 
8888 52977 4000 100 check 
total pot: 300 
/inquire 
recv from player 8888: call 


send inquire msg to player 7777 
inquire/ 
8888 52977 4000 100 check 
1111 1828 0 100 fold 
7777 16646 4000 100 check 
total pot: 300 
/inquire 
recv from player 7777: call 


----- notify msg last round -----

send notify msg to player 8888 
notify/ 
1111 1828 0 100 fold 
7777 16646 4000 100 check 
8888 52977 4000 100 check 
total pot: 300 
/notify 

send notify msg to player 7777 
notify/ 
8888 52977 4000 100 check 
1111 1828 0 100 fold 
7777 16646 4000 100 check 
total pot: 300 
/notify 

---show down---
showdown/ 
common/ 
CLUBS A 
CLUBS 2 
DIAMONDS 10 
CLUBS 5 
DIAMONDS K 
/common 
2: 8888 CLUBS Q DIAMONDS 9 HIGH_CARD 
1: 7777 CLUBS J CLUBS 10 FLUSH 
/showdown 

---Allocate pot---
pot-win/ 
7777: 300 
/pot-win 
it is player 1111's turn to be button
game-over
=========================================================
/hold 
player 7777:hold/ 
SPADES 6 
SPADES 2 
/hold 

---pre flop round bet---
valid player: 2, all in player: 0, fold player: 0

send inquire msg to player 7777 
inquire/ 
8888 22003 0 50 blind 
total pot: 50 
/inquire 
recv from player 7777: fold 


send inquire msg to player 8888 
inquire/ 
7777 49758 8000 0 fold 
8888 22003 0 50 blind 
total pot: 50 
/inquire 
recv from player 8888: call 


---flop round bet---
valid player: 2, all in player: 0, fold player: 1

---turn round bet---
valid player: 2, all in player: 0, fold player: 1

---river round bet---
valid player: 2, all in player: 0, fold player: 1

----- notify msg last round -----

send notify msg to player 7777 
notify/ 
8888 22003 0 50 check 
7777 49758 8000 0 fold 
total pot: 50 
/notify 

send notify msg to player 8888 
notify/ 
7777 49758 8000 0 fold 
8888 22003 0 50 check 
total pot: 50 
/notify 

--- 1 players not fold, don't need show down---

---Allocate pot---
Only player at seat 0 not fold, win all the pot 50
pot-win/ 
8888: 50 
/pot-win 
it is player 8888's turn to be button
game-over
=========================================================


send inquire msg to player 1111 
inquire/ 
5555 77537 2160 50 check 
1111 134 0 50 call 
total pot: 100 
/inquire 
recv from player 1111: raise 200 


send inquire msg to player 5555 
inquire/ 
1111 0 0 184 all_in 
5555 77537 2160 50 check 
total pot: 234 
/inquire 
recv from player 5555: check 

turn/ 
CLUBS J 
/turn 

---turn round bet---
valid player: 2, all in player: 1, fold player: 0
river/ 
SPADES 2 
/river 

---river round bet---
valid player: 2, all in player: 1, fold player: 0

----- notify msg last round -----

send notify msg to player 5555 
notify/ 
1111 0 0 184 all_in 
5555 77403 2160 184 call 
total pot: 368 
/notify 

---show down---
showdown/ 
common/ 
HEARTS 9 
CLUBS 6 
CLUBS 8 
CLUBS J 
SPADES 2 
/common 
1: 5555 CLUBS 10 CLUBS K FLUSH 
2: 1111 SPADES 7 CLUBS 5 STRAIGHT 
/showdown 

---Allocate pot---
pot-win/ 
5555: 368 
/pot-win 
it is player 5555's turn to be button
game-over
=========================================================

turn/ 
HEARTS 10 
/turn 

---turn round bet---
valid player: 2, all in player: 0, fold player: 0

send inquire msg to player 6666 
inquire/ 
1111 97 0 532 call 
6666 76767 2071 532 raise 
total pot: 1064 
/inquire 
recv from player 6666: raise 455 


send inquire msg to player 1111 
inquire/ 
6666 76312 2071 987 raise 
1111 97 0 532 call 
total pot: 1519 
/inquire 
recv from player 1111: call 

river/ 
CLUBS 9 
/river 

---river round bet---
valid player: 2, all in player: 1, fold player: 0

----- notify msg last round -----

send notify msg to player 6666 
notify/ 
1111 0 0 629 all_in 
6666 76312 2071 987 raise 
total pot: 1616 
/notify 

---show down---
showdown/ 
common/ 
CLUBS Q 
DIAMONDS Q 
CLUBS A 
HEARTS 10 
CLUBS 9 
/common 
1: 6666 CLUBS 10 SPADES 9 TWO_PAIR 
2: 1111 CLUBS 2 SPADES 7 ONE_PAIR 
/showdown 

---Allocate pot---
pot-win/ 
6666: 1616 
/pot-win 
it is player 6666's turn to be button
game-over
=========================================================
---river round bet---
valid player: 3, all in player: 0, fold player: 1

send inquire msg to player 7777 
inquire/ 
2222 651 4114 100 fold 
8888 14016 8000 100 check 
7777 44658 8000 100 check 
total pot: 300 
/inquire 
recv from player 7777: call 


send inquire msg to player 8888 
inquire/ 
7777 44658 8000 100 check 
2222 651 4114 100 fold 
8888 14016 8000 100 check 
total pot: 300 
/inquire 
recv from player 8888: call 


----- notify msg last round -----

send notify msg to player 7777 
notify/ 
2222 651 4114 100 fold 
8888 14016 8000 100 check 
7777 44658 8000 100 check 
total pot: 300 
/notify 

send notify msg to player 8888 
notify/ 
7777 44658 8000 100 check 
2222 651 4114 100 fold 
8888 14016 8000 100 check 
total pot: 300 
/notify 

---show down---
showdown/ 
common/ 
SPADES K 
CLUBS J 
DIAMONDS 3 
DIAMONDS 2 
DIAMONDS K 
/common 
1: 7777 HEARTS J DIAMONDS 7 TWO_PAIR 
2: 8888 SPADES 8 DIAMONDS 10 ONE_PAIR 
/showdown 

---Allocate pot---
pot-win/ 
7777: 300 
/pot-win 
it is player 7777's turn to be button
game-over
=========================================================

send inquire msg to player 2222 
inquire/ 
8888 69071 8000 50 call 
2222 2450 142 50 blind 
total pot: 100 
/inquire 
recv from player 2222: call 

flop/ 
CLUBS J 
SPADES 8 
SPADES K 
/flop 

---flop round bet---
valid player: 2, all in player: 0, fold player: 0

send inquire msg to player 2222 
inquire/ 
8888 69071 8000 50 call 
2222 2450 142 50 check 
total pot: 100 
/inquire 
recv from player 2222: fold 


send inquire msg to player 8888 
inquire/ 
2222 2450 142 50 fold 
8888 69071 8000 50 call 
total pot: 100 
/inquire 
recv from player 8888: call 


---turn round bet---
valid player: 2, all in player: 0, fold player: 1

---river round bet---
valid player: 2, all in player: 0, fold player: 1

----- notify msg last round -----

send notify msg to player 8888 
notify/ 
2222 2450 142 50 fold 
8888 69071 8000 50 check 
total pot: 100 
/notify 

--- 1 players not fold, don't need show down---

---Allocate pot---
Only player at seat 7 not fold, win all the pot 100
pot-win/ 
8888: 100 
/pot-win 
it is player 2222's turn to be button
game-over
=========================================================
inquire/ 
3333 63675 46 512 raise 
1111 15053 0 512 call 
total pot: 1024 
/inquire 
recv from player 1111: call 


send inquire msg to player 3333 
inquire/ 
1111 15053 0 512 check 
3333 63675 46 512 raise 
total pot: 1024 
/inquire 
recv from player 3333: all_in 


send inquire msg to player 1111 
inquire/ 
3333 0 46 64187 all_in 
1111 15053 0 512 check 
total pot: 64699 
/inquire 
recv from player 1111: call 

river/ 
CLUBS 6 
/river 

---river round bet---
valid player: 2, all in player: 2, fold player: 0

----- notify msg last round -----

send notify msg to player 3333 
notify/ 
1111 0 0 15565 all_in 
3333 0 46 64187 all_in 
total pot: 79752 
/notify 

---show down---
showdown/ 
common/ 
CLUBS 3 
HEARTS 5 
SPADES 10 
HEARTS 3 
CLUBS 6 
/common 
2: 1111 HEARTS 2 DIAMONDS 2 TWO_PAIR 
1: 3333 SPADES 5 CLUBS 10 TWO_PAIR 
/showdown 

---Allocate pot---
pot-win/ 
3333: 79752 
/pot-win 
only 1 player rest, others all quit
game-over
=========================================================

send inquire msg to player 4444 
inquire/ 
7777 151 0 543 check 
4444 70433 8000 543 raise 
total pot: 1086 
/inquire 
recv from player 4444: raise 472 


send inquire msg to player 7777 
inquire/ 
4444 69961 8000 1015 raise 
7777 151 0 543 check 
total pot: 1558 
/inquire 
recv from player 7777: call 

river/ 
SPADES 3 
/river 

---river round bet---
valid player: 2, all in player: 1, fold player: 0

----- notify msg last round -----

send notify msg to player 4444 
notify/ 
7777 0 0 694 all_in 
4444 69961 8000 1015 raise 
total pot: 1709 
/notify 

send notify msg to player 7777 
notify/ 
4444 69961 8000 1015 raise 
7777 0 0 694 all_in 
total pot: 1709 
/notify 

---show down---
showdown/ 
common/ 
HEARTS 4 
SPADES A 
DIAMONDS 2 
SPADES 6 
SPADES 3 
/common 
2: 7777 HEARTS J DIAMONDS 3 ONE_PAIR 
1: 4444 CLUBS 4 HEARTS 2 TWO_PAIR 
/showdown 

---Allocate pot---
pot-win/ 
4444: 1709 
/pot-win 
only 1 player rest, others all quit
game-over
=========================================================
send inquire msg to player 2222 
inquire/ 
1111 69517 15 50 blind 
total pot: 50 
/inquire 
recv from player 2222: call 


send inquire msg to player 1111 
inquire/ 
2222 4300 6000 50 call 
1111 69517 15 50 blind 
total pot: 100 
/inquire 
recv from player 1111: call 

flop/ 
SPADES 5 
HEARTS J 
SPADES 7 
/flop 

---flop round bet---
valid player: 2, all in player: 0, fold player: 0

send inquire msg to player 1111 
inquire/ 
2222 4300 6000 50 call 
1111 69517 15 50 check 
total pot: 100 
/inquire 
recv from player 1111: fold 


send inquire msg to player 2222 
inquire/ 
1111 69517 15 50 fold 
2222 4300 6000 50 call 
total pot: 100 
/inquire 
recv from player 2222: call 


---turn round bet---
valid player: 2, all in player: 0, fold player: 1

---river round bet---
valid player: 2, all in player: 0, fold player: 1

----- notify msg last round -----

--- 1 players not fold, don't need show down---

---Allocate pot---
Only player at seat 7 not fold, win all the pot 100
pot-win/ 
2222: 100 
/pot-win 
it is player 1111's turn to be button
game-over
=========================================================
inquire/ 
1111 17 0 150 check 
8888 71533 8000 150 call 
total pot: 300 
/inquire 
recv from player 8888: call 

river/ 
HEARTS 6 
/river 

---river round bet---
valid player: 2, all in player: 0, fold player: 0

send inquire msg to player 1111 
inquire/ 
8888 71533 8000 150 check 
1111 17 0 150 check 
total pot: 300 
/inquire 
recv from player 1111: call 


send inquire msg to player 8888 
inquire/ 
1111 17 0 150 check 
8888 71533 8000 150 check 
total pot: 300 
/inquire 
recv from player 8888: call 


----- notify msg last round -----

send notify msg to player 8888 
notify/ 
1111 17 0 150 check 
8888 71533 8000 150 check 
total pot: 300 
/notify 

---show down---
showdown/ 
common/ 
HEARTS 5 
SPADES 6 
SPADES J 
SPADES A 
HEARTS 6 
/common 
2: 1111 DIAMONDS 5 CLUBS J TWO_PAIR 
1: 8888 HEARTS K DIAMONDS A TWO_PAIR 
/showdown 

---Allocate pot---
pot-win/ 
8888: 300 
/pot-win 
only 1 player rest, others all quit
game-over
=========================================================
river/ 
SPADES 9 
/river 

---river round bet---
valid player: 2, all in player: 0, fold player: 0

send inquire msg to player 8888 
inquire/ 
7777 7084 29 50 check 
8888 66688 6000 50 check 
total pot: 100 
/inquire 
recv from player 8888: call 


send inquire msg to player 7777 
inquire/ 
8888 66688 6000 50 check 
7777 7084 29 50 check 
total pot: 100 
/inquire 
recv from player 7777: call 


----- notify msg last round -----

send notify msg to player 8888 
notify/ 
7777 7084 29 50 check 
8888 66688 6000 50 check 
total pot: 100 
/notify 

send notify msg to player 7777 
notify/ 
8888 66688 6000 50 check 
7777 7084 29 50 check 
total pot: 100 
/notify 

---show down---
showdown/ 
common/ 
CLUBS 8 
SPADES 7 
SPADES K 
HEARTS A 
SPADES 9 
/common 
2: 8888 CLUBS 2 HEARTS 5 HIGH_CARD 
1: 7777 HEARTS 2 CLUBS K ONE_PAIR 
/showdown 

---Allocate pot---
pot-win/ 
7777: 100 
/pot-win 
it is player 8888's turn to be button
game-over
=========================================================
recv from player 8888: call 


send inquire msg to player 7777 
inquire/ 
8888 6575 2170 100 check 
1111 10867 6000 100 check 
7777 47771 6000 100 check 
total pot: 300 
/inquire 
recv from player 7777: call 


send inquire msg to player 1111 
inquire/ 
7777 47771 6000 100 check 
8888 6575 2170 100 check 
1111 10867 6000 100 check 
total pot: 300 
/inquire 
recv from player 1111: fold 


----- notify msg last round -----

send notify msg to player 8888 
notify/ 
1111 10867 6000 100 fold 
7777 47771 6000 100 check 
8888 6575 2170 100 check 
total pot: 300 
/notify 

send notify msg to player 7777 
notify/ 
8888 6575 2170 100 check 
1111 10867 6000 100 fold 
7777 47771 6000 100 check 
total pot: 300 
/notify 

---show down---
showdown/ 
common/ 
CLUBS 4 
HEARTS 2 
SPADES 2 
CLUBS 3 
CLUBS 7 
/common 
1: 8888 HEARTS 4 SPADES 8 TWO_PAIR 
2: 7777 HEARTS 3 SPADES 5 TWO_PAIR 
/showdown 

---Allocate pot---
pot-win/ 
8888: 300 
/pot-win 
it is player 8888's turn to be button
game-over
=========================================================
send inquire msg to player 1111 
inquire/ 
8888 49821 4000 50 check 
1111 19647 6000 50 check 
total pot: 100 
/inquire 
recv from player 1111: call 


send inquire msg to player 8888 
inquire/ 
1111 19647 6000 50 check 
8888 49821 4000 50 check 
total pot: 100 
/inquire 
recv from player 8888: call 

river/ 
CLUBS 5 
/river 

---river round bet---
valid player: 2, all in player: 0, fold player: 0

send inquire msg to player 1111 
inquire/ 
8888 49821 4000 50 check 
1111 19647 6000 50 check 
total pot: 100 
/inquire 
recv from player 1111: fold 


send inquire msg to player 8888 
inquire/ 
1111 19647 6000 50 fold 
8888 49821 4000 50 check 
total pot: 100 
/inquire 
recv from player 8888: call 


----- notify msg last round -----

send notify msg to player 8888 
notify/ 
1111 19647 6000 50 fold 
8888 49821 4000 50 check 
total pot: 100 
/notify 

--- 1 players not fold, don't need show down---

---Allocate pot---
Only player at seat 7 not fold, win all the pot 100
pot-win/ 
8888: 100 
/pot-win 
it is player 1111's turn to be button
game-over
=========================================================

send inquire msg to player 1111 
inquire/ 
8888 51146 2067 50 call 
1111 18508 8000 50 blind 
total pot: 100 
/inquire 
recv from player 1111: call 

flop/ 
DIAMONDS 9 
CLUBS Q 
HEARTS 4 
/flop 

---flop round bet---
valid player: 2, all in player: 0, fold player: 0

send inquire msg to player 1111 
inquire/ 
8888 51146 2067 50 call 
1111 18508 8000 50 check 
total pot: 100 
/inquire 
recv from player 1111: fold 


send inquire msg to player 8888 
inquire/ 
1111 18508 8000 50 fold 
8888 51146 2067 50 call 
total pot: 100 
/inquire 
recv from player 8888: call 


---turn round bet---
valid player: 2, all in player: 0, fold player: 1

---river round bet---
valid player: 2, all in player: 0, fold player: 1

----- notify msg last round -----

send notify msg to player 8888 
notify/ 
1111 18508 8000 50 fold 
8888 51146 2067 50 check 
total pot: 100 
/notify 

--- 1 players not fold, don't need show down---

---Allocate pot---
Only player at seat 7 not fold, win all the pot 100
pot-win/ 
8888: 100 
/pot-win 
it is player 1111's turn to be button
game-over
=========================================================
send inquire msg to player 8888 
inquire/ 
2222 0 0 3359 all_in 
6666 0 4037 68531 all_in 
8888 3834 0 100 check 
total pot: 71990 
/inquire 
recv from player 8888: call 

turn/ 
HEARTS 6 
/turn 

---turn round bet---
valid player: 3, all in player: 3, fold player: 0
river/ 
DIAMONDS 6 
/river 

---river round bet---
valid player: 3, all in player: 3, fold player: 0

----- notify msg last round -----

send notify msg to player 6666 
notify/ 
8888 0 0 3934 all_in 
2222 0 0 3359 all_in 
6666 0 4037 68531 all_in 
total pot: 75824 
/notify 

send notify msg to player 8888 
notify/ 
2222 0 0 3359 all_in 
6666 0 4037 68531 all_in 
8888 0 0 3934 all_in 
total pot: 75824 
/notify 

---show down---
showdown/ 
common/ 
CLUBS 10 
SPADES 5 
CLUBS 5 
HEARTS 6 
DIAMONDS 6 
/common 
3: 2222 HEARTS 9 HEARTS 7 TWO_PAIR 
2: 8888 CLUBS 3 DIAMONDS A TWO_PAIR 
1: 6666 SPADES 3 HEARTS 10 TWO_PAIR 
/showdown 

---Allocate pot---
pot-win/ 
6666: 75824 
/pot-win 
only 1 player rest, others all quit
game-over
=========================================================
inquire/ 
4444 66298 0 521 raise 
1111 12386 0 521 call 
total pot: 1042 
/inquire 
recv from player 1111: call 


send inquire msg to player 4444 
inquire/ 
1111 12386 0 521 check 
4444 66298 0 521 raise 
total pot: 1042 
/inquire 
recv from player 4444: all_in 


send inquire msg to player 1111 
inquire/ 
4444 0 0 66819 all_in 
1111 12386 0 521 check 
total pot: 67340 
/inquire 
recv from player 1111: call 

river/ 
HEARTS Q 
/river 

---river round bet---
valid player: 2, all in player: 2, fold player: 0

----- notify msg last round -----

send notify msg to player 4444 
notify/ 
1111 0 0 12907 all_in 
4444 0 0 66819 all_in 
total pot: 79726 
/notify 

---show down---
showdown/ 
common/ 
CLUBS J 
SPADES J 
SPADES Q 
DIAMONDS 7 
HEARTS Q 
/common 
2: 1111 SPADES 3 DIAMONDS 5 TWO_PAIR 
1: 4444 HEARTS J CLUBS K FULL_HOUSE 
/showdown 

---Allocate pot---
pot-win/ 
4444: 79726 
/pot-win 
only 1 player rest, others all quit
game-over
=========================================================


send inquire msg to player 7777 
inquire/ 
8888 56786 8000 100 check 
1111 1300 4082 100 check 
7777 1338 8000 100 check 
total pot: 300 
/inquire 
recv from player 7777: call 


send inquire msg to player 1111 
inquire/ 
7777 1338 8000 100 check 
8888 56786 8000 100 check 
1111 1300 4082 100 check 
total pot: 300 
/inquire 
recv from player 1111: call 


----- notify msg last round -----

send notify msg to player 8888 
notify/ 
1111 1300 4082 100 check 
7777 1338 8000 100 check 
8888 56786 8000 100 check 
total pot: 300 
/notify 

send notify msg to player 7777 
notify/ 
8888 56786 8000 100 check 
1111 1300 4082 100 check 
7777 1338 8000 100 check 
total pot: 300 
/notify 

---show down---
showdown/ 
common/ 
SPADES 5 
HEARTS 5 
SPADES 8 
CLUBS 4 
DIAMONDS 6 
/common 
2: 8888 SPADES 2 SPADES 4 TWO_PAIR 
1: 7777 DIAMONDS 5 DIAMONDS 9 THREE_OF_A_KIND 
3: 1111 HEARTS Q HEARTS K ONE_PAIR 
/showdown 

---Allocate pot---
pot-win/ 
7777: 300 
/pot-win 
it is player 8888's turn to be button
game-over
=========================================================
river/ 
HEARTS 5 
/river 

---river round bet---
valid player: 2, all in player: 0, fold player: 0

send inquire msg to player 7777 
inquire/ 
8888 49769 8000 50 check 
7777 13844 8000 50 check 
total pot: 100 
/inquire 
recv from player 7777: call 


send inquire msg to player 8888 
inquire/ 
7777 13844 8000 50 check 
8888 49769 8000 50 check 
total pot: 100 
/inquire 
recv from player 8888: call 


----- notify msg last round -----

send notify msg to player 7777 
notify/ 
8888 49769 8000 50 check 
7777 13844 8000 50 check 
total pot: 100 
/notify 

send notify msg to player 8888 
notify/ 
7777 13844 8000 50 check 
8888 49769 8000 50 check 
total pot: 100 
/notify 

---show down---
showdown/ 
common/ 
SPADES K 
HEARTS 6 
CLUBS 5 
DIAMONDS 2 
HEARTS 5 
/common 
2: 7777 SPADES 9 DIAMONDS 8 ONE_PAIR 
1: 8888 DIAMONDS A HEARTS 8 ONE_PAIR 
/showdown 

---Allocate pot---
pot-win/ 
8888: 100 
/pot-win 
it is player 7777's turn to be button
game-over
=========================================================

send inquire msg to player 6666 
inquire/ 
7777 45 10 442 call 
6666 70996 8000 442 raise 
total pot: 884 
/inquire 
recv from player 6666: raise 396 


send inquire msg to player 7777 
inquire/ 
6666 70600 8000 838 raise 
7777 45 10 442 call 
total pot: 1280 
/inquire 
recv from player 7777: call 

river/ 
CLUBS 8 
/river 

---river round bet---
valid player: 2, all in player: 1, fold player: 0

----- notify msg last round -----

send notify msg to player 6666 
notify/ 
7777 0 10 487 all_in 
6666 70600 8000 838 raise 
total pot: 1325 
/notify 

send notify msg to player 7777 
notify/ 
6666 70600 8000 838 raise 
7777 0 10 487 all_in 
total pot: 1325 
/notify 

---show down---
showdown/ 
common/ 
DIAMONDS 5 
DIAMONDS 7 
CLUBS 3 
HEARTS 3 
CLUBS 8 
/common 
1: 6666 CLUBS J SPADES 3 THREE_OF_A_KIND 
2: 7777 SPADES 5 DIAMONDS 2 TWO_PAIR 
/showdown 

---Allocate pot---
pot-win/ 
6666: 1325 
/pot-win 
it is player 6666's turn to be button
game-over
=========================================================
river/ 
CLUBS 6 
/river 

---river round bet---
valid player: 2, all in player: 0, fold player: 0

send inquire msg to player 7777 
inquire/ 
8888 3004 6000 50 check 
7777 64664 6000 50 check 
total pot: 100 
/inquire 
recv from player 7777: call 


send inquire msg to player 8888 
inquire/ 
7777 64664 6000 50 check 
8888 3004 6000 50 check 
total pot: 100 
/inquire 
recv from player 8888: call 


----- notify msg last round -----

send notify msg to player 7777 
notify/ 
8888 3004 6000 50 check 
7777 64664 6000 50 check 
total pot: 100 
/notify 

send notify msg to player 8888 
notify/ 
7777 64664 6000 50 check 
8888 3004 6000 50 check 
total pot: 100 
/notify 

---show down---
showdown/ 
common/ 
SPADES A 
SPADES 2 
DIAMONDS 6 
DIAMONDS K 
CLUBS 6 
/common 
1: 7777 SPADES K HEARTS 6 FULL_HOUSE 
2: 8888 DIAMONDS Q CLUBS 4 ONE_PAIR 
/showdown 

---Allocate pot---
pot-win/ 
7777: 100 
/pot-win 
it is player 7777's turn to be button
game-over
=========================================================


send inquire msg to player 3333 
inquire/ 
1111 859 0 50 check 
3333 70737 8000 50 call 
total pot: 100 
/inquire 
recv from player 3333: all_in 


send inquire msg to player 1111 
inquire/ 
3333 0 8000 70787 all_in 
1111 859 0 50 check 
total pot: 70837 
/inquire 
recv from player 1111: call 

turn/ 
CLUBS 5 
/turn 

---turn round bet---
valid player: 2, all in player: 2, fold player: 0
river/ 
SPADES 2 
/river 

---river round bet---
valid player: 2, all in player: 2, fold player: 0

----- notify msg last round -----

send notify msg to player 3333 
notify/ 
1111 0 0 909 all_in 
3333 0 8000 70787 all_in 
total pot: 71696 
/notify 

---show down---
showdown/ 
common/ 
CLUBS 6 
HEARTS 9 
DIAMONDS 6 
CLUBS 5 
SPADES 2 
/common 
2: 1111 SPADES 8 SPADES K ONE_PAIR 
1: 3333 HEARTS 5 HEARTS 6 FULL_HOUSE 
/showdown 

---Allocate pot---
pot-win/ 
3333: 71696 
/pot-win 
only 1 player rest, others all quit
game-over
=========================================================
send inquire msg to player 1111 
inquire/ 
7777 22950 4000 50 check 
1111 46517 6084 50 check 
total pot: 100 
/inquire 
recv from player 1111: call 


send inquire msg to player 7777 
inquire/ 
1111 46517 6084 50 check 
7777 22950 4000 50 check 
total pot: 100 
/inquire 
recv from player 7777: call 

river/ 
HEARTS 8 
/river 

